Camera matrix : 

[[2.06666517e+03 0.00000000e+00 9.76251507e+02]
 [0.00000000e+00 2.07576254e+03 6.21253695e+02]
 [0.00000000e+00 0.00000000e+00 1.00000000e+00]]
dist :

[[ 1.18646131e-02  7.20037873e-01  1.07268587e-02  1.30036868e-03
  -2.65259726e+00]]
rvecs :

(array([[-0.27582269],
       [ 0.27681295],
       [ 1.68968445]]), array([[0.16298431],
       [0.37969403],
       [1.64438099]]), array([[ 0.54494106],
       [-0.18306503],
       [ 1.6727375 ]]), array([[ 0.3190693 ],
       [-0.72808883],
       [ 1.62770828]]), array([[-0.09153183],
       [-0.03750675],
       [ 1.56683339]]), array([[0.12850152],
       [0.30426092],
       [1.55113644]]), array([[-0.35326752],
       [ 0.2086886 ],
       [ 1.6330895 ]]), array([[-0.24280611],
       [-0.27907695],
       [ 1.72095259]]), array([[0.06574955],
       [0.25792209],
       [1.46147247]]))
tvecs :

(array([[ 0.06483165],
       [-3.86546479],
       [21.38493583]]), array([[-1.57688799],
       [-3.2407084 ],
       [22.52155202]]), array([[ 1.29440033],
       [-3.07620962],
       [25.28967365]]), array([[ 5.88607121],
       [-5.55644101],
       [30.04610176]]), array([[ 5.06151228],
       [-3.96933349],
       [28.96347175]]), array([[ 2.86237292],
       [-7.58569094],
       [30.66981766]]), array([[ 0.31006603],
       [-5.5732185 ],
       [36.3785662 ]]), array([[ 5.28703795],
       [-3.71161632],
       [31.06979944]]), array([[ 0.4808655 ],
       [-6.52373043],
       [32.10769485]]))